
Theoretical values : 
deltaRho : 0.004288419951040456
deltaP : 0.0014294733170134855
R : 50
viscosity(nulb) : 0.404
Rho at the center : 1.1598664623059656
L : 101
Max theoretical velocity : 0.018877537454491552
