
Theoretical values : 
deltaRho : 0.004086375334616754
deltaP : 0.001362125111538918
R : 50
viscosity(nulb) : 0.404
Rho at the center : 1.1059906249902525
L : 101
Max theoretical velocity : 0.01886439286119812
