
Theoretical values : 
deltaRho : 0.014718099916424698
deltaP : 0.0049060333054748995
R : 50
viscosity(nulb) : 0.404
Rho at the center : 1.049538758304197
L : 101
Max theoretical velocity : 0.07159938457433973
